gameId,pitcher_id,pitcher_name,batter_id,batter_name,description,type,startSpeed,endSpeed,strikeZoneTop,strikeZoneBottom,zone,x,y,pX,pY,verticalMovement,horizontalMovement
746182,542881,Tyler Anderson,641487,J.P. Crawford,Called Strike,Four-Seam Fastball,88.1,80.9,3.44752874813132,1.59695867131617,2,113.15,157.86,-0.046767743653831996,3.2109520001087377,-16.0,-5.0
746182,542881,Tyler Anderson,641487,J.P. Crawford,Flyout,Cutter,83.5,77.6,3.26,1.53,4,126.74,174.82,-0.7890870194409584,2.2705675126818754,-28.2,5.6
746182,542881,Tyler Anderson,677594,Julio Rodríguez,Ball,Changeup,79.1,72.6,3.50637427453156,1.6084506730165,12,109.2,102.73,0.5726844141079266,3.6955713752953887,-29.3,-13.6
746182,542881,Tyler Anderson,677594,Julio Rodríguez,Ball,Cutter,85.5,79.3,3.57578857827718,1.63509245883622,13,158.29,155.98,-1.6286110462833854,2.418541466394689,-29.0,3.5
746182,542881,Tyler Anderson,677594,Julio Rodríguez,Swinging Strike,Changeup,80.4,73.6,3.38,1.55,6,108.33,156.92,0.5854892415269193,2.2067556595821967,-29.3,-14.8
746182,542881,Tyler Anderson,677594,Julio Rodríguez,Single,Changeup,79.3,72.6,3.38,1.55,3,127.61,154.09,0.7455458822237275,3.125306734879249,-30.4,-13.9
746182,542881,Tyler Anderson,663728,Cal Raleigh,Ball,Changeup,78.9,72.4,3.45985938389799,1.64792065689253,12,63.56,126.1,1.4020394856678144,4.173354705024613,-33.4,-13.8
746182,542881,Tyler Anderson,663728,Cal Raleigh,Swinging Strike,Changeup,78.8,72.3,3.44,1.59,6,96.33,176.91,0.5423277820228478,2.2913361642280203,-31.8,-13.6
746182,542881,Tyler Anderson,663728,Cal Raleigh,Foul,Cutter,84.7,78.4,3.44,1.59,11,150.98,158.84,-0.8915607562307648,2.9608543136708514,-26.8,5.4
746182,542881,Tyler Anderson,663728,Cal Raleigh,Ball,Four-Seam Fastball,88.9,79.9,3.63059859704169,1.63494946663794,12,85.88,128.44,0.8165387117808773,4.086582177153995,-15.7,-4.0
746182,542881,Tyler Anderson,663728,Cal Raleigh,Swinging Strike,Changeup,78.7,71.9,3.44,1.59,9,93.36,196.04,0.6202364091973515,1.5830344818744624,-26.0,-7.8
746182,542881,Tyler Anderson,668227,Randy Arozarena,Called Strike,Changeup,79.7,73.2,3.40394360753132,1.51254448866904,8,111.77,184.02,0.1370828334184858,2.028233162245799,-25.0,-8.8
746182,542881,Tyler Anderson,668227,Randy Arozarena,Foul,Four-Seam Fastball,89.6,80.9,3.3,1.55,5,116.82,175.82,0.0047815250239530375,2.3317589920821864,-14.2,-3.0
746182,542881,Tyler Anderson,668227,Randy Arozarena,Ball,Cutter,85.7,78.6,3.35545516519854,1.49561393270917,12,67.79,114.85,1.2910866320043148,4.589913429204294,-27.8,4.2
746182,542881,Tyler Anderson,668227,Randy Arozarena,Foul,Cutter,85.1,78.3,3.3,1.55,13,153.56,177.12,-0.9591742496679244,2.2836671349811604,-29.2,4.9
746182,542881,Tyler Anderson,668227,Randy Arozarena,Forceout,Changeup,80.0,73.0,3.3,1.55,14,67.36,200.54,1.3022104791591353,1.416290356814366,-30.2,-14.3
746182,693433,Bryan Woo,621493,Taylor Ward,Called Strike,Sinker,93.5,85.5,3.35000046499261,1.59769180508534,5,114.13,180.65,0.07516637599705916,2.153117167976973,-26.3,15.2
746182,693433,Bryan Woo,621493,Taylor Ward,Ball,Four-Seam Fastball,95.0,86.7,3.58725200234969,1.68746936962686,14,51.72,198.74,1.7125692841810607,1.4827891099919968,-15.1,6.4
746182,693433,Bryan Woo,621493,Taylor Ward,Foul,Slider,86.6,79.4,3.35,1.57,7,132.13,189.58,-0.3968027503751017,1.8223717851605432,-37.8,-3.0
746182,693433,Bryan Woo,621493,Taylor Ward,Ball,Sweeper,83.5,76.6,3.52160614423067,1.59142313350094,14,69.88,177.78,1.2361132557722436,2.2591166261305577,-37.3,-13.2
746182,693433,Bryan Woo,621493,Taylor Ward,Ball,Sweeper,83.7,76.8,3.45461169643146,1.55495079970439,14,13.0,174.23,2.7285084390161862,2.3905635977020574,-34.8,-15.0
746182,693433,Bryan Woo,621493,Taylor Ward,Lineout,Sinker,96.4,87.4,3.35,1.57,4,131.64,177.28,-0.38417895798791,2.277687628290879,-26.4,17.6
746182,693433,Bryan Woo,687263,Zach Neto,Called Strike,Sinker,96.2,87.9,3.2915054672329,1.68711515184383,14,106.39,199.41,0.2783528618533666,1.4582457485819937,-19.8,16.1
746182,693433,Bryan Woo,687263,Zach Neto,Flyout,Four-Seam Fastball,95.7,87.1,3.19,1.51,4,134.08,169.8,-0.44815248798936297,2.554647973096141,-16.1,9.6
746182,693433,Bryan Woo,694384,Nolan Schanuel,Ball,Sinker,96.1,87.4,3.5701745648816,1.76035539988792,13,157.54,183.07,-1.0635948144774443,2.063255507909274,-24.8,16.4
746182,693433,Bryan Woo,694384,Nolan Schanuel,Lineout,Sinker,96.1,87.5,3.32,1.55,1,146.58,161.65,-0.7760891510878549,2.8565106169888628,-22.7,15.2
746182,542881,Tyler Anderson,457759,Justin Turner,Ball,Four-Seam Fastball,87.5,80.1,3.65615628962481,1.70623644499384,12,71.0,138.53,1.2067840541054506,3.713141201105789,-15.8,-2.6
746182,542881,Tyler Anderson,457759,Justin Turner,Ball,Four-Seam Fastball,88.6,81.4,3.5794251254426,1.64844518649765,14,106.26,197.88,0.2817060028497532,1.514810193922072,-15.4,-2.8
746182,542881,Tyler Anderson,457759,Justin Turner,Called Strike,Changeup,78.3,72.2,3.7320292314398,1.73776222871653,5,110.16,167.15,0.17949162306355065,2.6528702729819833,-33.2,-13.4
746182,542881,Tyler Anderson,457759,Justin Turner,Home Run,Four-Seam Fastball,89.6,82.3,3.42,1.55,4,147.1,176.53,-0.7897370594798444,2.305466714595661,-14.8,-3.6
746182,542881,Tyler Anderson,649966,Luis Urías,Called Strike,Four-Seam Fastball,89.5,82.2,3.45159806249673,1.6512716854587,13,129.69,202.04,-0.33303846075490195,1.360891793836085,-14.3,-4.1
746182,542881,Tyler Anderson,649966,Luis Urías,Called Strike,Cutter,85.0,78.7,3.46049566635085,1.5829755530971,3,100.93,149.17,0.4216388033109067,3.3189023790203187,-22.7,1.3
746182,542881,Tyler Anderson,649966,Luis Urías,Swinging Strike,Changeup,79.2,72.7,3.24,1.56,13,130.73,207.41,-0.36022816025174115,1.1617892135334498,-29.8,-12.1
746182,542881,Tyler Anderson,664238,Dylan Moore,Ball,Four-Seam Fastball,89.3,82.1,3.37999865128985,1.51868508811153,13,174.71,197.76,-1.5138771697617073,1.5193134290443018,-12.6,-1.9
746182,542881,Tyler Anderson,664238,Dylan Moore,Ball,Changeup,78.5,71.8,3.48735641886089,1.49337933681229,12,75.84,128.51,1.0799390411921688,4.084204169258968,-32.5,-14.2
746182,542881,Tyler Anderson,664238,Dylan Moore,Swinging Strike,Changeup,77.0,70.9,3.38,1.51,9,101.21,183.65,0.4143564650321605,2.0416923745897857,-32.8,-15.0
746182,542881,Tyler Anderson,664238,Dylan Moore,Groundout,Changeup,78.1,71.8,3.38,1.51,6,95.44,169.61,0.5655905561030462,2.5617145565803523,-33.0,-13.8
746182,542881,Tyler Anderson,641598,Mitch Garver,Called Strike,Four-Seam Fastball,88.4,81.1,3.61968657487034,1.8005617872407,14,81.56,192.76,0.9298406659292691,1.704310035697023,-12.0,-5.3
746182,542881,Tyler Anderson,641598,Mitch Garver,Foul,Changeup,79.2,72.7,3.48,1.57,8,109.88,180.99,0.18667790265535855,2.14036680933071,-26.3,-10.7
746182,542881,Tyler Anderson,641598,Mitch Garver,Ball,Changeup,77.9,71.8,3.47999862775495,1.62992400697864,14,66.57,234.97,1.3230748607295535,0.1411005097711214,-33.6,-14.6
746182,542881,Tyler Anderson,641598,Mitch Garver,Ball,Slider,82.1,76.0,3.48000051280274,1.57507689545075,12,71.06,91.19,1.2053463667035509,5.46617159881319,-30.4,4.2
746182,542881,Tyler Anderson,641598,Mitch Garver,Flyout,Four-Seam Fastball,89.6,81.8,3.48,1.57,3,103.27,144.3,0.36011039309821635,3.499355564818081,-13.9,-4.2
746182,693433,Bryan Woo,543685,Anthony Rendon,Double,Four-Seam Fastball,94.6,86.5,3.31,1.54,8,124.28,185.59,-0.1910649349123571,1.9698519239879877,-15.5,9.4
746182,693433,Bryan Woo,681351,Logan O'Hoppe,Called Strike,Slider,83.8,77.0,3.3149748684849,1.60810165626759,6,93.61,164.05,0.6136825335449078,2.767897810020098,-38.2,-4.9
746182,693433,Bryan Woo,681351,Logan O'Hoppe,Ball,Sweeper,84.3,76.9,3.38932365099699,1.78836890905646,14,40.79,214.02,1.9992895819943326,0.9169987536769437,-34.1,-10.0
746182,693433,Bryan Woo,681351,Logan O'Hoppe,Ball,Sweeper,82.7,75.0,3.36707007355933,1.69905066745805,14,62.21,171.36,1.4375036904950478,2.496986036166801,-37.3,-16.8
746182,693433,Bryan Woo,681351,Logan O'Hoppe,Swinging Strike,Sweeper,82.0,74.5,3.23,1.44,14,84.45,199.9,0.8538108331327722,1.4399992777084387,-38.3,-18.1
746182,693433,Bryan Woo,681351,Logan O'Hoppe,Swinging Strike,Sweeper,83.7,76.6,3.23,1.44,14,52.63,203.17,1.6888087819239388,1.3189034854647845,-33.4,-18.4
746182,693433,Bryan Woo,666160,Mickey Moniak,Ball,Four-Seam Fastball,96.0,87.5,3.36707007355933,1.56503480301951,11,132.0,135.55,-0.3935358033344634,3.8232030057966866,-15.6,7.6
746182,693433,Bryan Woo,666160,Mickey Moniak,Groundout,Sinker,96.2,87.8,3.32,1.55,5,121.91,171.56,-0.12875272161636137,2.4897447103317147,-20.3,15.1
746182,693433,Bryan Woo,592273,Brandon Drury,Pop Out,Four-Seam Fastball,94.7,85.9,3.6,1.69,1,131.21,155.85,-0.3727529339002962,3.071644207051075,-13.1,6.4
746182,542881,Tyler Anderson,645302,Victor Robles,Groundout,Changeup,78.4,71.6,3.11,1.42,8,111.91,198.95,0.13358602809745823,1.475263015475376,-30.5,-11.3
746182,542881,Tyler Anderson,641487,J.P. Crawford,Ball,Four-Seam Fastball,87.9,80.7,3.36178369755762,1.62458963964934,14,115.56,230.24,0.03775677832217409,0.31644861189708395,-15.7,-4.1
746182,542881,Tyler Anderson,641487,J.P. Crawford,Ball,Slider,82.3,76.1,3.26000145884408,1.62873784776628,13,121.13,214.74,-0.10847237007121292,0.8905076497253419,-33.6,5.6
746182,542881,Tyler Anderson,641487,J.P. Crawford,Ball,Slider,80.8,74.9,3.25999998648669,1.5296583666718,12,70.73,146.67,1.213930331500962,3.411570547908022,-34.0,5.2
746182,542881,Tyler Anderson,641487,J.P. Crawford,Called Strike,Four-Seam Fastball,87.8,80.2,3.26000014239153,1.52812333687288,6,89.29,165.53,0.727090497493704,2.7130449082026638,-14.8,-3.2
746182,542881,Tyler Anderson,641487,J.P. Crawford,Ball,Four-Seam Fastball,89.4,81.9,3.26000113346488,1.56593999522171,13,128.62,230.54,-0.3048687282620982,0.30511583662928715,-13.0,-3.1
746182,542881,Tyler Anderson,677594,Julio Rodríguez,Ball,Changeup,78.2,71.1,3.47961577640857,1.61390673272725,12,62.45,91.59,1.4310288415422494,5.451343871286468,-30.1,-10.6
746182,542881,Tyler Anderson,677594,Julio Rodríguez,Foul,Cutter,86.0,79.8,3.38,1.55,13,143.63,205.28,-0.6985602958599085,1.2406289036484015,-24.0,1.4
746182,542881,Tyler Anderson,677594,Julio Rodríguez,Ball,Slider,82.4,76.0,3.45240357329025,1.55514201603545,11,158.11,130.37,-1.078431770813455,4.015168153328702,-33.5,5.5
746182,542881,Tyler Anderson,677594,Julio Rodríguez,Ball,Changeup,78.2,72.0,3.38000057991441,1.58064058406242,14,97.36,240.9,0.5151174793760956,-0.07856167624236644,-27.2,-10.0
746182,542881,Tyler Anderson,677594,Julio Rodríguez,Called Strike,Four-Seam Fastball,89.1,81.2,3.74198754736907,1.63644539745257,7,140.38,180.18,-0.6134125961556586,2.17052662564792,-16.6,-2.6
746182,542881,Tyler Anderson,677594,Julio Rodríguez,Foul,Cutter,84.2,78.0,3.38,1.55,13,151.27,209.49,-0.8990599941838948,1.084985292416558,-30.8,5.8
746182,542881,Tyler Anderson,677594,Julio Rodríguez,Single,Four-Seam Fastball,90.8,82.6,3.38,1.55,2,116.37,155.86,0.01639725906471549,3.071103440602574,-13.7,-2.4
746182,542881,Tyler Anderson,663728,Cal Raleigh,Called Strike,Changeup,79.8,73.7,3.52813464520545,1.64298457072127,9,98.93,193.33,0.4741870227842637,1.683208590432924,-32.4,-11.5
746182,542881,Tyler Anderson,663728,Cal Raleigh,Foul,Cutter,83.5,77.9,3.44,1.59,4,141.16,179.4,-0.6338198544778434,2.1990979969193445,-28.1,2.2
746182,542881,Tyler Anderson,663728,Cal Raleigh,Foul,Four-Seam Fastball,89.4,80.8,3.44,1.59,11,132.25,120.4,-0.4000712901052771,4.384544868155771,-15.4,-6.1
746182,542881,Tyler Anderson,663728,Cal Raleigh,Ball,Changeup,78.4,71.9,3.58848301004862,1.6422234144666,14,48.72,209.91,1.7912736616022245,1.0693720960261859,-35.5,-15.5
746182,542881,Tyler Anderson,663728,Cal Raleigh,Forceout,Changeup,78.5,71.8,3.44,1.59,14,43.49,195.56,1.9284590730477815,1.6008058848339257,-34.2,-16.8
746182,542881,Tyler Anderson,668227,Randy Arozarena,Ball,Four-Seam Fastball,90.3,82.1,3.30000043284149,1.5893552649521,11,130.67,131.57,-0.35850765818341507,3.970698174425559,-12.7,-3.1
746182,542881,Tyler Anderson,668227,Randy Arozarena,Foul,Four-Seam Fastball,90.1,82.1,3.3,1.55,1,129.61,163.27,-0.33085213821768383,2.796486897103786,-13.4,-4.7
746182,542881,Tyler Anderson,668227,Randy Arozarena,Ball,Cutter,84.8,79.4,3.56369796409737,1.63166828296334,13,191.08,225.21,-1.9433783535892066,0.5026140720900275,-26.2,3.5
746182,542881,Tyler Anderson,668227,Randy Arozarena,Swinging Strike,Changeup,79.7,73.0,3.3,1.55,6,100.26,167.84,0.4390637001813253,2.627496103838838,-31.0,-11.0
746182,542881,Tyler Anderson,668227,Randy Arozarena,Ball,Changeup,78.3,72.0,3.48101517131979,1.6425922954821,14,101.43,222.66,0.4083730467706928,0.5972091645590828,-29.9,-10.7
746182,542881,Tyler Anderson,668227,Randy Arozarena,Swinging Strike,Cutter,84.6,78.6,3.3,1.55,7,145.3,182.89,-0.7425282080081371,2.0699297999817188,-27.2,2.5
746182,693433,Bryan Woo,642136,Matt Thaiss,Flyout,Sinker,95.1,86.7,3.4,1.63,1,136.84,160.94,-0.5204689179539179,2.883045464504897,-22.3,17.6
746182,693433,Bryan Woo,666176,Jo Adell,Called Strike,Sinker,95.4,86.9,3.54000125780447,1.64184224972983,3,97.31,147.23,0.516684104720088,3.390835030825565,-24.1,17.6
746182,693433,Bryan Woo,666176,Jo Adell,Home Run,Sinker,95.9,87.7,3.54,1.64,8,108.05,182.15,0.23471128274019631,2.0974895932361584,-23.2,18.2
746182,693433,Bryan Woo,621493,Taylor Ward,Foul,Slider,84.1,77.6,3.35,1.57,5,118.65,169.31,-0.04324017040201778,2.5728565268628536,-41.9,-2.0
746182,693433,Bryan Woo,621493,Taylor Ward,Ball,Four-Seam Fastball,95.0,86.9,3.40122712705055,1.59801631687093,11,136.6,136.06,-0.5141855377017008,3.8044508818890974,-15.1,7.3
746182,693433,Bryan Woo,621493,Taylor Ward,Swinging Strike,Sinker,95.7,87.7,3.35,1.57,11,150.93,151.84,-0.8901451597380451,3.220081013555296,-22.2,14.5
746182,693433,Bryan Woo,621493,Taylor Ward,Ball,Sweeper,84.8,78.3,3.58087192848089,1.76165729394481,14,49.47,168.41,1.7715424041761154,2.6064099614273113,-33.4,-12.7
746182,693433,Bryan Woo,621493,Taylor Ward,Ball,Sweeper,83.9,77.3,3.59747027058416,1.68619314951071,14,13.44,172.35,2.716824894919565,2.4602602450629654,-34.4,-14.9
746182,693433,Bryan Woo,621493,Taylor Ward,Foul,Four-Seam Fastball,96.1,87.8,3.35,1.57,2,118.46,151.62,-0.03828009171937689,3.228254191324392,-14.5,7.6
746182,693433,Bryan Woo,621493,Taylor Ward,Flyout,Four-Seam Fastball,96.4,87.8,3.35,1.57,12,110.07,144.64,0.1818486465466132,3.486730106780739,-14.3,6.1
746182,693433,Bryan Woo,687263,Zach Neto,Called Strike,Slider,86.7,80.1,3.25044745812188,1.51510794619652,7,127.96,190.95,-0.2875672508099836,1.7714368033056973,-37.9,-2.4
746182,693433,Bryan Woo,687263,Zach Neto,Groundout,Sinker,95.9,87.5,3.19,1.51,5,115.61,180.88,0.03643203929118584,2.144516837685761,-22.4,14.9
746182,542881,Tyler Anderson,457759,Justin Turner,Ball,Four-Seam Fastball,88.6,81.2,3.64117902572011,1.71774659125819,12,50.81,164.33,1.7365694524438806,2.757304803938913,-15.4,-4.0
746182,542881,Tyler Anderson,457759,Justin Turner,Called Strike,Changeup,78.9,72.5,3.7430294472303,1.59840813725798,6,102.94,165.36,0.3687367526942056,2.7191903233943178,-31.6,-12.5
746182,542881,Tyler Anderson,457759,Justin Turner,Home Run,Changeup,79.2,72.6,3.42,1.55,6,105.33,165.27,0.3062622979854479,2.722517323077166,-28.8,-11.8
746182,542881,Tyler Anderson,649966,Luis Urías,Ball,Four-Seam Fastball,89.4,81.0,3.60740524129683,1.68693886477801,12,66.1,128.89,1.3354362050601012,4.070032803208977,-14.2,-7.7
746182,542881,Tyler Anderson,649966,Luis Urías,Swinging Strike,Changeup,80.1,73.3,3.24,1.56,2,120.06,161.72,-0.08016704506708769,2.854145664490651,-28.6,-13.1
746182,542881,Tyler Anderson,649966,Luis Urías,Groundout,Four-Seam Fastball,87.0,80.6,3.24,1.56,5,122.45,177.88,-0.14306839144610278,2.2554778373151922,-20.9,-1.4
746182,542881,Tyler Anderson,664238,Dylan Moore,Ball,Changeup,79.3,73.0,3.53067127537007,1.56011942154617,14,78.34,209.86,1.0142898194225032,1.0709681480292905,-29.4,-11.6
746182,542881,Tyler Anderson,664238,Dylan Moore,Swinging Strike,Four-Seam Fastball,89.2,81.4,3.38,1.51,3,88.0,157.53,0.7607278550157609,3.0094375694197013,-14.6,-7.6
746182,542881,Tyler Anderson,664238,Dylan Moore,Single,Four-Seam Fastball,90.7,82.9,3.38,1.51,2,126.88,144.54,-0.2592083332180366,3.490292359749863,-14.5,-5.8
746182,542881,Tyler Anderson,641598,Mitch Garver,Foul,Changeup,78.3,71.7,3.48,1.57,6,98.92,175.17,0.4744284781945273,2.3560725090624204,-31.2,-13.9
746182,542881,Tyler Anderson,641598,Mitch Garver,Ball,Four-Seam Fastball,89.2,80.7,3.47999954452211,1.65770266384604,11,157.4,138.83,-1.05976483806856,3.7018873885599914,-15.0,-3.0
746182,542881,Tyler Anderson,641598,Mitch Garver,Foul,Changeup,78.0,71.1,3.48,1.57,6,103.37,166.66,0.35752508971887037,2.6710494915452716,-29.5,-11.5
746182,542881,Tyler Anderson,641598,Mitch Garver,Ball,Cutter,85.0,79.4,3.60048604040222,1.76421524775536,13,161.07,240.04,-1.1561614279590502,-0.0465842987488073,-25.1,0.7
746182,542881,Tyler Anderson,641598,Mitch Garver,Pop Out,Four-Seam Fastball,90.1,82.0,3.48,1.57,5,117.23,170.47,-0.0059866109246824286,2.529875212883804,-13.3,-6.5
746182,542881,Tyler Anderson,645302,Victor Robles,Ball,Four-Seam Fastball,89.9,82.1,3.32906156658386,1.52466261532674,11,168.4,168.69,-1.348445972720187,2.595855796776943,-16.4,-3.8
746182,542881,Tyler Anderson,645302,Victor Robles,Ball,Cutter,85.1,78.8,3.33633700568369,1.46925305529901,12,93.71,141.1,0.6109794626831193,3.617700746706252,-25.2,0.7
746182,542881,Tyler Anderson,645302,Victor Robles,Ball,Changeup,79.5,72.8,3.29901873272146,1.52743399049288,12,63.43,159.11,1.4054671349101264,2.950843670630759,-32.0,-14.2
746182,542881,Tyler Anderson,645302,Victor Robles,Ball,Four-Seam Fastball,89.5,81.1,3.1099998197909,1.45291004199977,12,81.7,135.39,0.9261406845535028,3.829176985506331,-15.5,-6.1
746182,542881,Tyler Anderson,641487,J.P. Crawford,Ball,Sinker,86.2,79.1,3.38482600174375,1.62532507082228,14,55.88,207.05,1.6035218211921782,1.175245783378959,-32.2,-18.6
746182,542881,Tyler Anderson,641487,J.P. Crawford,Ball,Cutter,84.8,78.9,3.25999933785721,1.54419689556704,13,159.48,215.16,-1.1143395113819101,0.8749939504234403,-24.2,4.1
746182,542881,Tyler Anderson,641487,J.P. Crawford,Ball,Changeup,78.2,72.0,3.14193666043833,1.49474444306416,13,151.43,215.43,-0.9033180298589627,0.8646816839064898,-31.0,-12.4
746182,542881,Tyler Anderson,641487,J.P. Crawford,Ball,Four-Seam Fastball,89.3,80.9,3.26000101497731,1.60946565051213,11,164.47,119.9,-1.2452389735175218,4.4027850989602975,-15.1,-2.8
746182,542881,Tyler Anderson,677594,Julio Rodríguez,Ball,Changeup,81.2,74.8,3.38000046393082,1.54373836401048,13,135.83,242.3,-0.49401198821674935,-0.13040065833541734,-25.0,-7.6
746182,542881,Tyler Anderson,677594,Julio Rodríguez,Ball,Cutter,86.4,79.8,3.49698651393969,1.56786979345834,11,159.44,157.89,-1.1134082335058013,2.9959797835253634,-23.9,5.2
746182,542881,Tyler Anderson,677594,Julio Rodríguez,Single,Four-Seam Fastball,91.2,83.2,3.38,1.55,1,139.65,154.79,-0.5942754185243008,3.110726842599314,-14.8,-2.4
746182,542881,Tyler Anderson,663728,Cal Raleigh,Foul,Changeup,80.2,73.8,3.44,1.59,8,127.51,191.4,-0.27584710506527554,1.7547736597488688,-29.2,-11.3
746182,542881,Tyler Anderson,663728,Cal Raleigh,Flyout,Four-Seam Fastball,91.3,83.4,3.44,1.59,5,110.71,165.31,0.16511269691515526,2.721111331869174,-12.6,-6.6
746182,693433,Bryan Woo,694384,Nolan Schanuel,Foul,Four-Seam Fastball,95.0,86.9,3.32,1.55,11,118.34,140.79,-0.035186472170098855,3.629281807839513,-14.0,9.0
746182,693433,Bryan Woo,694384,Nolan Schanuel,Called Strike,Four-Seam Fastball,95.7,86.7,3.60388108940064,1.72724851180578,8,127.37,177.1,-0.27217579853838514,2.284319906022145,-15.2,8.8
746182,693433,Bryan Woo,694384,Nolan Schanuel,Groundout,Four-Seam Fastball,95.6,85.9,3.32,1.55,2,112.19,160.23,0.12625786585491247,2.9092850420951906,-12.6,8.4
746182,693433,Bryan Woo,543685,Anthony Rendon,Called Strike,Sinker,97.1,88.6,3.44982658663709,1.74783630161067,2,107.05,155.11,0.2609481870705871,3.0988462438312747,-23.2,18.6
746182,693433,Bryan Woo,543685,Anthony Rendon,Pop Out,Four-Seam Fastball,95.5,87.2,3.31,1.54,5,123.15,169.99,-0.16131500507323157,2.5478042788108377,-14.0,8.3
746182,693433,Bryan Woo,681351,Logan O'Hoppe,Called Strike,Four-Seam Fastball,96.7,88.6,3.47795513274971,1.59369961850706,5,124.2,168.55,-0.18898579844596308,2.601114380497175,-13.9,11.3
746182,693433,Bryan Woo,681351,Logan O'Hoppe,Foul,Four-Seam Fastball,96.0,88.0,3.23,1.44,6,99.4,175.31,0.461620400013368,2.350811964271269,-15.0,11.3
746182,693433,Bryan Woo,681351,Logan O'Hoppe,Ball,Sweeper,84.4,77.6,3.45377558236122,1.50067344994014,14,71.12,185.0,1.203568369560252,1.9919952156963796,-37.0,-15.0
746182,693433,Bryan Woo,681351,Logan O'Hoppe,Swinging Strike,Sweeper,85.2,78.1,3.23,1.44,12,70.12,165.51,1.2299007229039558,2.7137612254722243,-33.8,-14.4
746182,656271,Brock Burke,668227,Randy Arozarena,Ball,Slider,87.0,80.3,3.29999916672245,1.61821778129436,13,152.6,196.34,-0.9338886410086569,1.571854019159935,-33.5,1.7
746182,656271,Brock Burke,668227,Randy Arozarena,Called Strike,Four-Seam Fastball,95.7,87.9,3.48617937988266,1.63444977263976,9,96.21,185.38,0.5454446524566312,1.977889214965602,-13.6,-8.8
746182,656271,Brock Burke,668227,Randy Arozarena,Called Strike,Changeup,89.8,82.0,3.44905294495345,1.72339986380089,7,133.83,192.24,-0.44143961723786956,1.7237451971140043,-33.2,-15.0
746182,656271,Brock Burke,668227,Randy Arozarena,Field Error,Changeup,90.9,83.9,3.3,1.55,9,87.99,199.22,0.7610805534242835,1.4651787717243265,-31.2,-17.8
746182,656271,Brock Burke,457759,Justin Turner,Foul,Four-Seam Fastball,95.1,86.9,3.42,1.55,6,88.73,170.89,0.74153379713052,2.5143767919102418,-16.2,-9.6
746182,656271,Brock Burke,457759,Justin Turner,Ball,Four-Seam Fastball,96.4,87.9,3.65028082920294,1.68708362634611,12,81.53,157.47,0.9306015148242626,3.0113864349760995,-15.2,-10.1
746182,656271,Brock Burke,457759,Justin Turner,Called Strike,Four-Seam Fastball,96.0,87.6,3.71819355214491,1.72397059749309,8,115.59,188.68,0.036870260663447556,1.8554517429493738,-14.8,-7.2
746182,656271,Brock Burke,457759,Justin Turner,Foul,Four-Seam Fastball,97.0,88.4,3.42,1.55,4,131.08,168.22,-0.3692960811962219,2.6134069352748224,-14.3,-7.3
746182,656271,Brock Burke,457759,Justin Turner,Ball,Four-Seam Fastball,97.3,89.3,3.68559131731254,1.69126565656319,12,71.72,160.16,1.18785358265894,2.911709479227274,-13.0,-6.7
746182,656271,Brock Burke,457759,Justin Turner,Foul,Four-Seam Fastball,96.4,88.8,3.42,1.55,4,127.57,167.51,-0.2772730191988002,2.639790350820738,-13.7,-5.8
746182,656271,Brock Burke,457759,Justin Turner,Foul,Sinker,94.7,87.1,3.42,1.55,5,107.26,174.59,0.25554862294544817,2.3774441651122236,-22.8,-16.9
746182,656271,Brock Burke,457759,Justin Turner,Called Strike,Four-Seam Fastball,96.4,88.3,3.73768633087436,1.68107636137005,7,132.4,192.64,-0.4041088394233214,1.7090003589673215,-13.7,-7.3
746182,656271,Brock Burke,649966,Luis Urías,Foul,Changeup,89.0,81.3,3.24,1.56,12,83.09,168.76,0.8896015341744256,2.593179552516925,-32.0,-18.1
746182,656271,Brock Burke,649966,Luis Urías,Ball,Four-Seam Fastball,95.2,87.2,3.44458382042432,1.71479274118303,13,176.3,177.93,-1.5556849148875822,2.253669740074473,-15.6,-6.1
746182,656271,Brock Burke,649966,Luis Urías,Called Strike,Four-Seam Fastball,96.0,87.9,3.4197396584737,1.59548571835224,7,144.13,195.4,-0.7116204996474905,1.6066614710927118,-15.0,-6.0
746182,656271,Brock Burke,649966,Luis Urías,Foul,Changeup,89.8,82.7,3.24,1.56,9,103.49,187.35,0.35431551845789755,1.904768128392245,-30.0,-12.5
746182,656271,Brock Burke,649966,Luis Urías,Called Strike,Four-Seam Fastball,97.9,89.6,3.40297676039665,1.60998279570033,7,130.91,193.7,-0.3648523323939199,1.669756200075934,-14.6,-8.4
746182,656271,Brock Burke,664238,Dylan Moore,Ball,Slider,88.1,81.0,3.54241610274538,1.63928666061618,13,150.39,170.71,-0.8760676519804275,2.5211021229898876,-29.6,-1.4
746182,656271,Brock Burke,664238,Dylan Moore,Ball,Slider,86.8,80.3,3.50684460648337,1.52642046321242,13,186.91,199.74,-1.8339315258732798,1.445994766474807,-30.0,2.3
746182,656271,Brock Burke,664238,Dylan Moore,Ball,Slider,86.2,79.8,3.52496910440257,1.51334635582965,13,167.64,187.33,-1.3285416890798376,1.9054458823289475,-33.0,-1.3
746182,656271,Brock Burke,664238,Dylan Moore,Called Strike,Four-Seam Fastball,95.0,86.6,3.48257842822068,1.53288283249118,4,128.37,177.49,-0.2982223286062782,2.2700571111212384,-11.2,-5.6
746182,656271,Brock Burke,664238,Dylan Moore,Swinging Strike,Slider,87.0,80.1,3.38,1.51,13,161.3,179.1,-1.1622479836300539,2.2104742388779104,-29.2,2.6
746182,656271,Brock Burke,664238,Dylan Moore,Foul,Four-Seam Fastball,93.3,85.0,3.38,1.51,3,98.01,157.35,0.4982509095143614,3.015788035636269,-13.1,-4.9
746182,656271,Brock Burke,664238,Dylan Moore,Foul,Four-Seam Fastball,95.5,87.3,3.38,1.51,3,96.85,153.83,0.5286989925377649,3.1463969846152744,-14.6,-4.7
746182,656271,Brock Burke,664238,Dylan Moore,Double,Four-Seam Fastball,96.4,88.7,3.38,1.51,4,133.16,164.6,-0.42397074382312394,2.7475843281532777,-13.6,-6.5
746182,656271,Brock Burke,641598,Mitch Garver,Called Strike,Slider,85.7,78.8,3.59418902784805,1.72345833529388,7,140.99,194.23,-0.6294547637765386,1.650058200391653,-33.4,-1.0
746182,656271,Brock Burke,641598,Mitch Garver,Swinging Strike,Changeup,89.6,81.6,3.48,1.57,14,89.91,203.96,0.7108113604089058,1.289813266819267,-36.0,-17.2
746182,656271,Brock Burke,641598,Mitch Garver,Foul,Four-Seam Fastball,97.6,88.6,3.48,1.57,3,92.44,158.52,0.6442398599883739,2.972450936173552,-12.7,-8.6
746182,656271,Brock Burke,641598,Mitch Garver,Ball,Slider,87.6,80.8,3.531366269518,1.69250223298193,13,124.72,212.71,-0.20257083423464514,0.9654012265931489,-32.4,1.0
746182,656271,Brock Burke,641598,Mitch Garver,Pop Out,Four-Seam Fastball,97.7,89.1,3.48,1.57,5,115.91,169.72,0.028472600177086513,2.557666224539022,-11.6,-6.7
746182,693433,Bryan Woo,666160,Mickey Moniak,Ball,Four-Seam Fastball,94.8,86.0,3.43097754130348,1.70237358322729,11,160.62,105.14,-1.1444233209234593,4.94945394087027,-15.5,9.7
746182,693433,Bryan Woo,666160,Mickey Moniak,Groundout,Changeup,89.2,82.2,3.32,1.55,8,118.98,186.78,-0.0518133970942158,1.9260991358139095,-31.2,15.8
746182,693433,Bryan Woo,592273,Brandon Drury,Flyout,Slider,85.6,78.1,3.6,1.69,8,113.95,184.53,0.08007474513651117,2.009421994667801,-37.6,-3.2
746182,693433,Bryan Woo,642136,Matt Thaiss,Ball,Four-Seam Fastball,95.0,85.9,3.55076923815347,1.82063087789894,12,107.11,94.3,0.25943473844315634,5.3511320318518285,-16.2,10.3
746182,693433,Bryan Woo,642136,Matt Thaiss,Foul,Four-Seam Fastball,96.3,87.6,3.4,1.63,6,103.55,179.68,0.3529461368662659,2.1888263781971142,-19.0,12.0
746182,693433,Bryan Woo,642136,Matt Thaiss,Swinging Strike,Four-Seam Fastball,96.5,87.7,3.4,1.63,2,109.71,155.18,0.19128406568406076,3.096389594048718,-14.6,13.0
746182,693433,Bryan Woo,642136,Matt Thaiss,Groundout,Changeup,91.8,83.9,3.4,1.63,7,147.14,181.35,-0.7907793446917943,2.12721539497022,-26.5,15.5
746182,672710,Roansy Contreras,645302,Victor Robles,Foul,Four-Seam Fastball,95.0,86.2,3.11,1.42,2,115.32,151.71,0.044080664210060405,3.2248246399134564,-11.5,4.0
746182,672710,Roansy Contreras,645302,Victor Robles,Foul,Curveball,76.8,70.4,3.11,1.42,3,105.94,163.03,0.29023646856432694,2.8055639260327734,-58.7,-8.2
746182,672710,Roansy Contreras,645302,Victor Robles,Foul,Four-Seam Fastball,94.4,86.0,3.11,1.42,12,79.81,142.43,0.9755949248918168,3.5684271272948016,-15.6,5.5
746182,672710,Roansy Contreras,645302,Victor Robles,Flyout,Slider,86.2,79.3,3.11,1.42,3,103.79,157.12,0.3465449401897594,3.024608273505866,-34.6,-4.4
746182,672710,Roansy Contreras,641487,J.P. Crawford,Called Strike,Curveball,77.5,71.6,3.26000065369522,1.54272690953269,7,141.53,186.3,-0.6435809424777295,1.9435569262723125,-56.3,-8.4
746182,672710,Roansy Contreras,641487,J.P. Crawford,Ball,Changeup,89.9,82.6,3.26000128054654,1.57993091695516,11,163.15,173.33,-1.210684707111449,2.424084996228896,-23.5,14.6
746182,672710,Roansy Contreras,641487,J.P. Crawford,Flyout,Changeup,88.9,81.7,3.26,1.53,4,144.6,167.3,-0.723976126116815,2.6475612515509863,-26.5,16.0
746182,672710,Roansy Contreras,677594,Julio Rodríguez,Ball,Curveball,77.8,71.5,3.53379203558931,1.64301921913516,2,121.86,140.87,-0.12744146246161728,3.6261884269410274,-56.4,-7.2
746182,672710,Roansy Contreras,677594,Julio Rodríguez,Swinging Strike,Sinker,94.0,86.0,3.38,1.55,11,171.8,166.37,-1.4377572329550126,2.681676873895091,-18.5,14.8
746182,672710,Roansy Contreras,677594,Julio Rodríguez,Ball,Slider,83.6,76.8,3.38000092737868,1.57788985040084,11,144.67,115.86,-0.7259184549732269,4.5525547760209895,-40.0,-5.6
746182,672710,Roansy Contreras,677594,Julio Rodríguez,Called Strike,Slider,80.9,74.1,3.3800000804246,1.65296105658456,1,143.7,149.48,-0.7005832088924107,3.3073345774783878,-44.2,-1.9
746182,672710,Roansy Contreras,677594,Julio Rodríguez,Ball,Sinker,94.0,86.0,3.58600615121304,1.68107994101235,13,129.87,207.62,-0.33752484388716425,1.1539052887798231,-18.8,14.5
746182,672710,Roansy Contreras,677594,Julio Rodríguez,Ball,Slider,85.1,78.2,3.54444646077716,1.63960123782881,12,71.42,164.41,1.1958763661025176,2.7544843934599026,-37.4,-5.4
746182,672710,Roansy Contreras,663728,Cal Raleigh,Pop Out,Changeup,87.6,79.8,3.44,1.59,2,124.38,152.04,-0.19352841996994546,3.2124775604306297,-26.0,16.7
746182,693433,Bryan Woo,666176,Jo Adell,Called Strike,Sinker,95.2,87.1,3.54000012599935,1.74147781524022,8,125.08,190.97,-0.2118488275450792,1.7708023776012534,-22.8,16.2
746182,693433,Bryan Woo,666176,Jo Adell,Ball,Sweeper,84.6,77.9,3.79576646442066,1.72018864773541,14,57.48,212.75,1.5613676527319043,0.9642150247080783,-32.8,-9.6
746182,693433,Bryan Woo,666176,Jo Adell,Ball,Four-Seam Fastball,96.1,87.5,3.54000087752569,1.69332451649039,14,76.47,201.5,1.0633858697218537,1.3805934783432983,-12.7,6.1
746182,693433,Bryan Woo,666176,Jo Adell,Home Run,Four-Seam Fastball,96.3,87.3,3.54,1.64,5,122.44,166.13,-0.14264752839275752,2.690754053149024,-12.4,8.4
746182,693433,Bryan Woo,621493,Taylor Ward,Flyout,Slider,87.0,80.5,3.35,1.57,2,120.81,163.06,-0.09988277455362454,2.804347701051213,-32.9,-2.5
746182,693433,Bryan Woo,605346,Jack López,Called Strike,Four-Seam Fastball,95.7,87.7,3.37956410636878,1.52759953524384,4,138.85,165.91,-0.5732233293689878,2.6990369408952763,-14.8,6.2
746182,693433,Bryan Woo,605346,Jack López,Groundout,Sinker,96.5,88.5,3.285,1.487,4,145.65,171.69,-0.7515593569785992,2.484808839293315,-25.7,14.5
746182,693433,Bryan Woo,694384,Nolan Schanuel,Foul,Changeup,88.1,80.5,3.32,1.55,1,128.56,162.49,-0.3032638855568509,2.8256598710747243,-34.2,18.7
746182,693433,Bryan Woo,694384,Nolan Schanuel,Foul,Four-Seam Fastball,95.5,86.7,3.32,1.55,2,123.28,157.6,-0.16476611870234828,3.00670983986983,-16.1,10.9
746182,693433,Bryan Woo,694384,Nolan Schanuel,Ball,Four-Seam Fastball,95.1,87.1,3.55190210276253,1.7322672923465,11,124.82,117.91,-0.2050690080848999,4.47667324037111,-16.2,9.7
746182,693433,Bryan Woo,694384,Nolan Schanuel,Flyout,Four-Seam Fastball,95.4,87.5,3.32,1.55,11,119.7,145.53,-0.07081843365521862,3.4535526095205267,-16.7,11.2
746182,672710,Roansy Contreras,668227,Randy Arozarena,Ball,Slider,86.1,79.8,3.38497674719022,1.67079177953739,12,71.15,139.03,1.2027572985344306,3.6942852732162432,-32.5,-4.9
746182,672710,Roansy Contreras,668227,Randy Arozarena,Lineout,Four-Seam Fastball,93.5,86.0,3.3,1.55,14,98.96,205.51,0.4732287352922233,1.232101035871218,-13.9,4.8
746182,672710,Roansy Contreras,457759,Justin Turner,Ball,Curveball,77.9,71.7,3.53493320188175,1.65348509629468,14,94.24,198.19,0.5971097260501058,1.5031657724576042,-55.0,-10.1
746182,672710,Roansy Contreras,457759,Justin Turner,Called Strike,Sinker,94.8,86.8,3.63541197780299,1.62839343676109,8,107.03,184.72,0.2614394882867779,2.0022260392034106,-13.8,12.7
746182,672710,Roansy Contreras,457759,Justin Turner,Groundout,Sinker,94.0,86.2,3.42,1.55,13,154.65,182.21,-0.9876201374934244,2.095066182773225,-16.9,14.6
746182,672710,Roansy Contreras,668942,Josh Rojas,Ball,Four-Seam Fastball,93.3,84.8,3.8005175874263,1.78399015971202,11,155.6,141.56,-1.012548605401186,3.6008156984253414,-15.2,5.5
746182,672710,Roansy Contreras,668942,Josh Rojas,Foul,Changeup,88.3,80.8,3.43,1.61,1,140.44,159.21,-0.6148523831739092,2.9470245532590935,-26.3,15.6
746182,672710,Roansy Contreras,668942,Josh Rojas,Ball,Curveball,77.7,72.0,3.76640084640605,1.71858389284419,14,95.57,200.95,0.5622404883685328,1.4009708828945961,-53.8,-7.3
746182,672710,Roansy Contreras,668942,Josh Rojas,Ball,Four-Seam Fastball,91.5,83.5,3.82775213585072,1.84214109540732,11,166.03,115.51,-1.2862906055787635,4.565375201877162,-16.2,6.8
746182,672710,Roansy Contreras,668942,Josh Rojas,Ball,Slider,86.6,80.7,3.83160331540097,1.75346870581369,14,55.93,241.1,1.602125349365219,-0.0859473856282648,-28.9,-4.2
746182,672710,Roansy Contreras,664238,Dylan Moore,Called Strike,Sinker,94.0,86.1,3.62159159586963,1.62068017231302,8,124.47,183.74,-0.19591240920661046,2.0386934383046467,-16.4,12.6
746182,672710,Roansy Contreras,664238,Dylan Moore,Foul,Slider,85.0,78.7,3.38,1.51,6,99.24,171.72,0.46601382166054944,2.483559954371098,-33.2,-5.4
746182,672710,Roansy Contreras,664238,Dylan Moore,Ball,Slider,83.6,77.6,3.61688531871225,1.61031014745585,14,102.75,204.75,0.3739483429046256,1.2602622056569255,-44.9,-6.5
746182,672710,Roansy Contreras,664238,Dylan Moore,Foul,Sinker,93.8,85.8,3.38,1.51,7,128.28,188.7,-0.2959824945247141,1.8546312769758748,-17.4,11.8
746182,672710,Roansy Contreras,664238,Dylan Moore,Ball,Slider,84.6,78.5,3.51592954547826,1.540385692065,14,45.98,223.17,1.8632499943707002,0.5781960339846156,-43.1,-6.6
746182,672710,Roansy Contreras,664238,Dylan Moore,Forceout,Sinker,94.1,86.7,3.38,1.51,9,105.22,189.36,0.3089497214030563,1.8304520907610196,-18.1,12.6
746182,693433,Bryan Woo,543685,Anthony Rendon,Called Strike,Slider,86.7,79.8,3.27192070204232,1.65454048417957,6,90.4,172.82,0.6977846258107597,2.442952784772459,-32.8,-3.7
746182,693433,Bryan Woo,543685,Anthony Rendon,Called Strike,Sweeper,83.3,76.5,3.47666611217433,1.73918062690674,9,86.03,182.52,0.8123603463191024,2.083776700152241,-36.1,-10.8
746182,693433,Bryan Woo,543685,Anthony Rendon,Foul,Four-Seam Fastball,95.7,86.8,3.31,1.54,2,122.87,158.04,-0.15408429328867815,2.9905550920378348,-15.8,11.5
746182,693433,Bryan Woo,543685,Anthony Rendon,Single,Sinker,94.5,86.5,3.31,1.54,4,138.56,169.13,-0.5657413618697368,2.5796654168252333,-24.5,15.7
746182,693433,Bryan Woo,681351,Logan O'Hoppe,Foul,Sinker,95.4,87.7,3.23,1.44,1,135.58,164.36,-0.48734005735570013,2.75637012676313,-24.2,15.4
746182,693433,Bryan Woo,681351,Logan O'Hoppe,Ball,Sweeper,82.8,76.2,3.51521563718282,1.64384790456555,14,31.43,196.27,2.244971512425813,1.5743958902639168,-32.3,-8.4
746182,693433,Bryan Woo,681351,Logan O'Hoppe,Swinging Strike,Four-Seam Fastball,95.5,87.4,3.23,1.44,11,128.22,146.62,-0.29446799779268956,3.413406879649859,-15.5,8.9
746182,693433,Bryan Woo,681351,Logan O'Hoppe,Swinging Strike,Four-Seam Fastball,95.2,86.8,3.23,1.44,11,150.39,133.26,-0.8758818039890861,3.9083061820010134,-13.8,10.3
746182,693433,Bryan Woo,666160,Mickey Moniak,Called Strike,Changeup,88.8,81.3,3.49840633269923,1.69712666229502,5,113.75,164.28,0.08524361634758675,2.75913223187954,-35.4,16.9
746182,693433,Bryan Woo,666160,Mickey Moniak,Foul,Four-Seam Fastball,96.4,87.7,3.32,1.55,12,107.45,142.31,0.25044922221543514,3.573070062047186,-14.2,10.4
746182,693433,Bryan Woo,666160,Mickey Moniak,Home Run,Changeup,90.5,83.1,3.32,1.55,7,127.69,183.04,-0.2805073805947463,2.064293833269928,-29.6,16.2
746182,608638,JT Chargois,592273,Brandon Drury,Called Strike,Slider,84.8,77.4,3.72584233579897,1.84706171004111,14,82.69,181.31,0.9002139910276235,2.128416055000776,-37.8,-2.2
746182,608638,JT Chargois,592273,Brandon Drury,Called Strike,Sinker,95.1,87.5,3.8354721287247,1.8284158438496,9,89.81,189.52,0.7131981758320619,1.8244127882589873,-21.5,15.4
746182,608638,JT Chargois,592273,Brandon Drury,Ball,Slider,84.5,78.2,3.77345916845774,1.82912573691458,14,54.68,204.57,1.6349809026800093,1.267118763396687,-37.0,-2.2
746182,608638,JT Chargois,592273,Brandon Drury,Ball,Slider,85.0,78.9,3.70512726851515,1.72933845972431,14,67.92,229.38,1.2876638144266237,0.34814377171553534,-36.8,-0.6
746182,608638,JT Chargois,592273,Brandon Drury,Foul,Sinker,94.8,87.1,3.6,1.69,13,161.77,168.38,-1.1746321440253655,2.6072356543432393,-22.7,14.8
746182,608638,JT Chargois,592273,Brandon Drury,Foul,Slider,84.9,77.7,3.6,1.69,6,86.37,163.03,0.8036759323679273,2.805434803916479,-37.9,1.0
746182,608638,JT Chargois,592273,Brandon Drury,Pop Out,Slider,85.1,78.1,3.6,1.69,8,109.32,184.06,0.20139020773703808,2.02670340443873,-37.9,0.4
746182,608638,JT Chargois,642136,Matt Thaiss,Ball,Slider,84.7,77.8,3.55505702818613,1.80938647904014,14,95.29,207.49,0.5696092086852507,1.158819656099825,-38.4,-0.2
746182,608638,JT Chargois,642136,Matt Thaiss,Ball,Slider,84.7,77.9,3.51182382331001,1.70368688398403,14,66.4,247.96,1.3273758520301893,-0.3398180698407086,-40.9,1.3
746182,608638,JT Chargois,642136,Matt Thaiss,Ball,Slider,82.8,76.5,3.40000112024169,1.69416614104066,11,164.62,130.33,-1.2491712386385851,4.016764140371869,-41.0,-5.2
746182,608638,JT Chargois,642136,Matt Thaiss,Called Strike,Sinker,95.4,87.5,3.4726315001323,1.7582183898943,2,115.05,154.52,0.051157270157970634,3.120694561867304,-22.0,16.1
746182,608638,JT Chargois,642136,Matt Thaiss,Ball,Sinker,96.3,88.3,3.51219547273415,1.7042324820489,11,157.97,156.33,-1.0749494809148301,3.053626601282805,-19.6,16.8
746182,608638,JT Chargois,666176,Jo Adell,Called Strike,Slider,84.3,77.9,3.66029290182544,1.73055146656514,7,136.69,182.56,-0.5165205952718407,2.0821040569043956,-41.4,-0.4
746182,608638,JT Chargois,666176,Jo Adell,Forceout,Sinker,95.6,87.7,3.54,1.64,9,105.89,188.2,0.29137974420775087,1.8732683863219173,-22.2,17.3
746182,650671,José Quijada,641598,Mitch Garver,Ball,Four-Seam Fastball,92.9,85.1,3.40692857691298,1.65176868714206,11,150.62,145.39,-0.8819701870287081,3.4587999237770712,-15.8,-6.1
746182,650671,José Quijada,641598,Mitch Garver,Foul,Four-Seam Fastball,94.0,86.1,3.48,1.57,1,148.27,160.18,-0.8203832498959417,2.910969224405738,-15.0,-6.0
746182,650671,José Quijada,641598,Mitch Garver,Ball,Changeup,85.5,78.8,3.51134507025483,1.6386770983135,14,69.18,200.82,1.2545200335345257,1.4058995143046782,-33.2,-14.5
746182,650671,José Quijada,641598,Mitch Garver,Ball,Four-Seam Fastball,94.9,86.7,3.58648351194437,1.71350699816208,14,77.07,168.05,1.0474487016515766,2.6195411099677712,-16.0,-5.6
746182,650671,José Quijada,641598,Mitch Garver,Ball,Four-Seam Fastball,95.5,87.2,3.47999923696764,1.55532462196637,12,62.28,116.65,1.4356138443959037,4.523454860835271,-15.0,-4.3
746182,650671,José Quijada,645302,Victor Robles,Sac Bunt,Four-Seam Fastball,94.4,86.2,3.11,1.42,12,74.63,158.56,1.1116632006972702,2.9711925942847435,-15.4,-5.2
746182,650671,José Quijada,641487,J.P. Crawford,Ball,Four-Seam Fastball,94.4,86.1,3.37438001680146,1.64734747756438,12,75.54,146.71,1.087591599360987,3.410164910026585,-15.6,-4.1
746182,650671,José Quijada,641487,J.P. Crawford,Called Strike,Four-Seam Fastball,95.2,87.1,3.37046551059387,1.58048313856506,4,127.58,164.7,-0.2775998744366695,2.743850145098336,-13.6,-2.5
746182,650671,José Quijada,641487,J.P. Crawford,Hit By Pitch,Four-Seam Fastball,94.0,85.8,3.26,1.53,12,47.27,116.05,1.8293971204297417,4.545396782025573,-14.5,-3.5
746182,650671,José Quijada,677594,Julio Rodríguez,Called Strike,Four-Seam Fastball,94.3,86.4,3.65613947307675,1.70231971665202,3,103.29,140.28,0.3596042979571406,3.648279601023473,-13.4,-2.6
746182,650671,José Quijada,677594,Julio Rodríguez,Ball,Four-Seam Fastball,95.5,87.7,3.43595287344391,1.67136047729606,14,65.02,178.99,1.3636286207829882,2.214598929407661,-11.5,-5.8
746182,650671,José Quijada,677594,Julio Rodríguez,Grounded Into DP,Four-Seam Fastball,96.0,88.1,3.38,1.55,1,141.01,156.18,-0.6298577870593804,3.059336653791975,-10.8,-4.2
746182,676092,Collin Snider,621493,Taylor Ward,Ball,Four-Seam Fastball,95.0,88.0,3.37181848740142,1.69980490519827,11,157.5,140.73,-1.0624055685013944,3.6316003306612674,-17.8,3.1
746182,676092,Collin Snider,621493,Taylor Ward,Swinging Strike,Cutter,88.3,81.6,3.35,1.57,5,111.63,169.59,0.1408970443263887,2.562438818119813,-34.0,-1.6
746182,676092,Collin Snider,621493,Taylor Ward,Ball,Sweeper,83.0,76.9,3.46956352109894,1.64210391284173,14,70.35,172.59,1.2239732104195706,2.4513388782142944,-40.9,-15.4
746182,676092,Collin Snider,621493,Taylor Ward,Double,Sweeper,81.5,75.4,3.35,1.57,8,113.44,191.15,0.09343436032665921,1.764087722530303,-42.2,-17.6
746182,676092,Collin Snider,605346,Jack López,Ball,Four-Seam Fastball,94.8,87.1,3.28500046843928,1.48093528186923,11,186.54,114.1,-1.8244768065861419,4.617755270659793,-19.2,4.6
746182,676092,Collin Snider,605346,Jack López,Ball,Sweeper,81.6,74.6,3.59927006661853,1.77690634776981,11,148.68,140.48,-0.831150710504215,3.6408422743629005,-41.8,-15.7
746182,676092,Collin Snider,605346,Jack López,Swinging Strike,Sweeper,81.6,75.0,3.285,1.487,6,91.26,181.07,0.6751996814175304,2.1373420587860994,-41.3,-15.6
746182,676092,Collin Snider,605346,Jack López,Double Play,Sweeper,80.9,74.1,3.285,1.487,8,124.42,199.0,-0.1946728319199256,1.4734529303863115,-45.7,-14.9
746182,676092,Collin Snider,694384,Nolan Schanuel,Called Strike,Four-Seam Fastball,94.6,87.2,3.47310796977926,1.77925666525722,11,153.68,160.29,-0.9622603463340865,2.9070351218855874,-20.4,1.8
746182,676092,Collin Snider,694384,Nolan Schanuel,Ball,Four-Seam Fastball,94.4,86.9,3.54730284971177,1.62392372589515,11,143.03,126.99,-0.6827589316309165,4.140188746438513,-20.9,1.9
746182,676092,Collin Snider,694384,Nolan Schanuel,Ball,Cutter,90.1,82.9,3.56429183275032,1.64092222550569,11,175.09,147.9,-1.5240720370189802,3.3657522487257205,-30.6,-4.3
746182,676092,Collin Snider,694384,Nolan Schanuel,Swinging Strike,Sweeper,83.4,76.7,3.32,1.55,14,102.29,203.48,0.38594190363844894,1.307440042382517,-38.3,-15.0
746182,676092,Collin Snider,694384,Nolan Schanuel,Foul,Four-Seam Fastball,95.2,87.7,3.32,1.55,3,95.76,150.62,0.5573080975958257,3.2652975440836283,-20.2,1.9
746182,676092,Collin Snider,694384,Nolan Schanuel,Lineout,Sweeper,82.8,76.2,3.32,1.55,7,144.9,191.2,-0.7319971314685869,1.7621427331702781,-41.3,-17.3
746182,690829,Ben Joyce,663728,Cal Raleigh,Called Strike,Slider,85.1,78.1,3.62289867790889,1.60891374954744,4,117.97,151.26,-0.41815360965930265,2.4187798295120624,-40.1,-7.8
746182,690829,Ben Joyce,663728,Cal Raleigh,Lineout,Four-Seam Fastball,103.4,94.5,3.44,1.59,4,139.53,163.23,-0.5910370105594991,2.7980545819590983,-12.5,11.3
746182,690829,Ben Joyce,668227,Randy Arozarena,Called Strike,Sinker,95.7,88.0,3.36518730823705,1.62350492799241,4,134.57,168.98,-0.46081940156597817,2.5853311871317035,-31.4,10.8
746182,690829,Ben Joyce,668227,Randy Arozarena,Ball,Sinker,95.1,87.4,3.46972999224998,1.6037856532963,11,163.3,169.0,-1.2147063681117263,2.584409947229269,-33.4,10.3
746182,690829,Ben Joyce,668227,Randy Arozarena,Swinging Strike,Four-Seam Fastball,103.4,93.9,3.3,1.55,11,150.21,157.82,-0.8711625768318733,2.9986197548188835,-11.0,11.3
746182,690829,Ben Joyce,668227,Randy Arozarena,Ball,Four-Seam Fastball,104.8,95.1,3.30000046789327,1.55528017127415,11,154.68,137.3,-0.988411550416287,3.7586750655489705,-9.7,11.6
746182,690829,Ben Joyce,668227,Randy Arozarena,Ball,Changeup,92.5,85.1,3.22669764009107,1.4539660676265,11,169.09,165.33,-1.3666116232231549,2.7202071327539863,-32.2,7.8
746182,690829,Ben Joyce,668227,Randy Arozarena,Hit By Pitch,Four-Seam Fastball,103.5,94.3,3.3,1.55,11,176.98,139.81,-1.573578438662084,3.6656741671272344,-10.4,11.5
746182,690829,Ben Joyce,457759,Justin Turner,Called Strike,Four-Seam Fastball,102.4,93.6,3.66630504682255,1.7194711239302,6,87.08,173.96,0.7850084798278346,2.400847085463823,-15.0,12.2
746182,690829,Ben Joyce,457759,Justin Turner,Single,Four-Seam Fastball,103.8,95.2,3.42,1.55,9,96.13,183.18,0.5476086153743871,2.0593686721657902,-12.5,10.2
746182,690829,Ben Joyce,668942,Josh Rojas,Groundout,Slider,86.8,79.5,3.43,1.61,4,134.26,172.04,-0.4528035587314651,2.471862489894471,-40.6,-7.2
746182,690829,Ben Joyce,593871,Jorge Polanco,Ball,Sinker,95.3,87.6,3.56272563898574,1.75930978589221,13,130.35,200.06,-0.35015944850655273,1.434228725602276,-28.2,14.0
746182,690829,Ben Joyce,593871,Jorge Polanco,Swinging Strike,Sinker,94.3,86.9,3.36,1.6,13,135.07,212.95,-0.47417591782719914,0.9564986914145326,-32.3,11.6
746182,690829,Ben Joyce,593871,Jorge Polanco,Called Strike,Four-Seam Fastball,102.9,93.8,3.4524953951827,1.67903032656875,7,130.58,179.75,-0.3561446676438753,2.1862383234762217,-13.3,12.1
746182,690829,Ben Joyce,593871,Jorge Polanco,Swinging Strike,Four-Seam Fastball,104.4,95.1,3.36,1.6,9,95.38,188.64,0.5671809146614835,1.8569325536722108,-13.1,12.4
746182,662253,Andrés Muñoz,543685,Anthony Rendon,Called Strike,Four-Seam Fastball,98.5,90.0,3.56570140276989,1.80628453095472,3,95.46,147.81,0.5651203556962425,3.3694366825757887,-14.8,11.5
746182,662253,Andrés Muñoz,543685,Anthony Rendon,Foul,Four-Seam Fastball,98.9,90.0,3.31,1.54,1,141.5,163.33,-0.6426704392726122,2.7945343161008376,-14.0,12.2
746182,662253,Andrés Muñoz,543685,Anthony Rendon,Lineout,Four-Seam Fastball,98.7,89.5,3.31,1.54,3,99.15,158.91,0.46837836483042444,2.9579630139906956,-11.9,8.2
746182,662253,Andrés Muñoz,681351,Logan O'Hoppe,Swinging Strike,Slider,87.2,80.6,3.23,1.44,8,109.18,199.63,0.20511151695021354,1.450112614789588,-37.0,-4.6
746182,662253,Andrés Muñoz,681351,Logan O'Hoppe,Called Strike,Slider,87.5,81.0,3.25733380185014,1.70633595508737,3,100.92,159.38,0.4219234405618514,2.9406602097594576,-34.4,-8.2
746182,662253,Andrés Muñoz,681351,Logan O'Hoppe,Swinging Strike,Slider,88.3,81.5,3.23,1.44,14,74.19,219.18,1.123055931102366,0.726078963104015,-37.0,-5.0
746182,662253,Andrés Muñoz,666160,Mickey Moniak,Ball,Slider,89.5,83.2,3.50933269302168,1.62130039316705,14,71.16,232.51,1.2026309697337685,0.23220226467478,-31.1,-7.0
746182,662253,Andrés Muñoz,666160,Mickey Moniak,Foul,Slider,86.7,79.9,3.32,1.55,13,142.09,207.5,-0.6581818008677606,1.1586648478483574,-37.9,-3.4
746182,662253,Andrés Muñoz,666160,Mickey Moniak,Foul,Slider,87.5,81.2,3.32,1.55,13,118.96,203.56,-0.051318479414598994,1.3044344668974535,-37.1,-3.8
746182,662253,Andrés Muñoz,666160,Mickey Moniak,Foul,Four-Seam Fastball,99.3,90.7,3.32,1.55,11,150.42,144.03,-0.8767861924656398,3.5093842263739923,-18.0,14.0
746182,662253,Andrés Muñoz,666160,Mickey Moniak,Foul,Slider,88.0,80.7,3.32,1.55,14,71.34,202.15,1.1977783287408876,1.3567224517232435,-37.0,-5.9
746182,662253,Andrés Muñoz,666160,Mickey Moniak,Home Run,Slider,88.3,81.5,3.32,1.55,9,93.48,195.44,0.6169276717215253,1.6053174529162673,-32.9,-2.4
